Data Point - T&A	Coincidence Rate (Hz) - T&A	Data Point - T&B	Coincidence Rate (Hz) - T&B	Data Point - A&B	Coincidence Rate (Hz) - A&B	Data Point - T&C	Coincidence Rate (Hz) - T&C	Data Point - B&C	Coincidence Rate (Hz) - B&C	
2688	6,77754k	2688	0	2688	0	2688	0	2688	0	
2689	6,66822k	2689	0	2689	0	2689	0	2689	0	
2690	6,8235k	2690	0	2690	0	2690	0	2690	0	
2691	6,86102k	2691	0	2691	0	2691	0	2691	0	
2692	6,22628k	2692	0	2692	0	2692	0	2692	0	
2693	6,35631k	2693	0	2693	0	2693	0	2693	0	
2694	6,04673k	2694	0	2694	0	2694	0	2694	0	
2695	5,73651k	2695	0	2695	0	2695	0	2695	0	
2696	4,2376k	2696	0	2696	0	2696	0	2696	0	
2697	3,67131k	2697	0	2697	0	2697	0	2697	0	
2698	3,91571k	2698	0	2698	0	2698	0	2698	0	
2699	4,66054k	2699	0	2699	0	2699	0	2699	0	
2700	6,16378k	2700	0	2700	0	2700	0	2700	0	
2701	6,64816k	2701	0	2701	0	2701	0	2701	0	
2702	6,61786k	2702	0	2702	0	2702	0	2702	0	
2703	6,58178k	2703	0	2703	0	2703	0	2703	0	
2704	6,40273k	2704	0	2704	0	2704	0	2704	0	
2705	6,56529k	2705	0	2705	0	2705	0	2705	0	
2706	6,7175k	2706	0	2706	0	2706	0	2706	0	
2707	6,53822k	2707	0	2707	0	2707	0	2707	0	
2708	6,21192k	2708	0	2708	0	2708	0	2708	0	
2709	6,00029k	2709	0	2709	0	2709	0	2709	0	
2710	5,65474k	2710	0	2710	0	2710	0	2710	0	
2711	5,80424k	2711	0	2711	0	2711	0	2711	0	
2712	5,98011k	2712	0	2712	0	2712	0	2712	0	
2713	5,93432k	2713	0	2713	0	2713	0	2713	0	
2714	5,81539k	2714	0	2714	0	2714	0	2714	0	
2715	6,17235k	2715	0	2715	0	2715	0	2715	0	
2716	5,93379k	2716	0	2716	0	2716	0	2716	0	
2717	5,91457k	2717	0	2717	0	2717	0	2717	0	
2718	6,00502k	2718	0	2718	0	2718	0	2718	0	
2719	6,22512k	2719	0	2719	0	2719	0	2719	0	
2720	6,04258k	2720	0	2720	0	2720	0	2720	0	
2721	6,03314k	2721	0	2721	0	2721	0	2721	0	
2722	6,01758k	2722	0	2722	0	2722	0	2722	0	
2723	5,37745k	2723	0	2723	0	2723	0	2723	0	
2724	5,99128k	2724	0	2724	0	2724	0	2724	0	
2725	5,2224k	2725	0	2725	0	2725	0	2725	0	
2726	5,37297k	2726	0	2726	0	2726	0	2726	0	
2727	5,3667k	2727	0	2727	0	2727	0	2727	0	
2728	5,3689k	2728	0	2728	0	2728	0	2728	0	
2729	5,44407k	2729	0	2729	0	2729	0	2729	0	
2730	5,17531k	2730	0	2730	0	2730	0	2730	0	
2731	5,38266k	2731	0	2731	0	2731	0	2731	0	
2732	5,39549k	2732	0	2732	0	2732	0	2732	0	
2733	5,41921k	2733	0	2733	0	2733	0	2733	0	
2734	5,41137k	2734	0	2734	0	2734	0	2734	0	
2735	4,96539k	2735	0	2735	0	2735	0	2735	0	
2736	4,72308k	2736	0	2736	0	2736	0	2736	0	
2737	4,62683k	2737	0	2737	0	2737	0	2737	0	
2738	4,69026k	2738	0	2738	0	2738	0	2738	0	
2739	4,38095k	2739	0	2739	0	2739	0	2739	0	
2740	3,02306k	2740	0	2740	0	2740	0	2740	0	
2741	2,60506k	2741	0	2741	0	2741	0	2741	0	
2742	2,4128k	2742	0	2742	0	2742	0	2742	0	
2743	5,537k	2743	0	2743	0	2743	0	2743	0	
2744	5,41725k	2744	0	2744	0	2744	0	2744	0	
2745	5,35805k	2745	0	2745	0	2745	0	2745	0	
2746	5,20169k	2746	0	2746	0	2746	0	2746	0	
2747	3,05093k	2747	0	2747	0	2747	0	2747	0	
2748	2,27026k	2748	0	2748	0	2748	0	2748	0	
2749	2,651k	2749	0	2749	0	2749	0	2749	0	
2750	5,31508k	2750	0	2750	0	2750	0	2750	0	
2751	6,24085k	2751	0	2751	0	2751	0	2751	0	
2752	6,444k	2752	0	2752	0	2752	0	2752	0	
2753	6,20517k	2753	0	2753	0	2753	0	2753	0	
2754	6,12607k	2754	0	2754	0	2754	0	2754	0	
2755	5,97796k	2755	0	2755	0	2755	0	2755	0	
2756	5,8611k	2756	0	2756	0	2756	0	2756	0	
2757	6,1437k	2757	0	2757	0	2757	0	2757	0	
2758	6,1666k	2758	0	2758	0	2758	0	2758	0	
2759	6,25189k	2759	0	2759	0	2759	0	2759	0	
2760	5,99715k	2760	0	2760	0	2760	0	2760	0	
2761	6,38555k	2761	0	2761	0	2761	0	2761	0	
2762	6,27362k	2762	0	2762	0	2762	0	2762	0	
2763	6,34215k	2763	0	2763	0	2763	0	2763	0	
2764	6,17892k	2764	0	2764	0	2764	0	2764	0	
2765	6,29425k	2765	0	2765	0	2765	0	2765	0	
2766	6,15088k	2766	0	2766	0	2766	0	2766	0	
2767	6,30776k	2767	0	2767	0	2767	0	2767	0	
2768	6,29286k	2768	0	2768	0	2768	0	2768	0	
2769	6,11596k	2769	0	2769	0	2769	0	2769	0	
2770	6,11566k	2770	0	2770	0	2770	0	2770	0	
2771	6,11815k	2771	0	2771	0	2771	0	2771	0	
2772	6,03345k	2772	0	2772	0	2772	0	2772	0	
2773	6,2332k	2773	0	2773	0	2773	0	2773	0	
2774	6,07182k	2774	0	2774	0	2774	0	2774	0	
2775	6,19947k	2775	0	2775	0	2775	0	2775	0	
2776	6,3395k	2776	0	2776	0	2776	0	2776	0	
2777	5,97673k	2777	0	2777	0	2777	0	2777	0	
2778	6,15633k	2778	0	2778	0	2778	0	2778	0	
2779	6,04429k	2779	0	2779	0	2779	0	2779	0	
2780	6,27284k	2780	0	2780	0	2780	0	2780	0	
2781	5,5588k	2781	0	2781	0	2781	0	2781	0	
2782	5,87984k	2782	0	2782	0	2782	0	2782	0	
2783	6,03251k	2783	0	2783	0	2783	0	2783	0	
2784	6,08552k	2784	0	2784	0	2784	0	2784	0	
2785	6,09239k	2785	0	2785	0	2785	0	2785	0	
2786	6,2809k	2786	0	2786	0	2786	0	2786	0	
2787	6,3183k	2787	0	2787	0	2787	0	2787	0	
2788	6,15244k	2788	0	2788	0	2788	0	2788	0	
2789	6,05253k	2789	0	2789	0	2789	0	2789	0	
