Data Point - T&A	 g2 (0) - T&A	Data Point - T&B	 g2 (0) - T&B	Data Point - B&C	 g2 (0) - B&C	Data Point - T&C	 g2 (0) - T&C	Data Point - B&C	 g2 (0) - B&C	
2689	1,56348	2689	NaN	2689	NaN	2689	NaN	2689	NaN	
2690	1,59689	2690	NaN	2690	NaN	2690	NaN	2690	NaN	
2691	1,6118	2691	NaN	2691	NaN	2691	NaN	2691	NaN	
2692	1,50481	2692	NaN	2692	NaN	2692	NaN	2692	NaN	
2693	1,58799	2693	NaN	2693	NaN	2693	NaN	2693	NaN	
2694	1,56775	2694	NaN	2694	NaN	2694	NaN	2694	NaN	
2695	1,75245	2695	NaN	2695	NaN	2695	NaN	2695	NaN	
2696	2,68776	2696	NaN	2696	NaN	2696	NaN	2696	NaN	
2697	3,12558	2697	NaN	2697	NaN	2697	NaN	2697	NaN	
2698	3,19045	2698	NaN	2698	NaN	2698	NaN	2698	NaN	
2699	2,4515	2699	NaN	2699	NaN	2699	NaN	2699	NaN	
2700	1,69339	2700	NaN	2700	NaN	2700	NaN	2700	NaN	
2701	1,5702	2701	NaN	2701	NaN	2701	NaN	2701	NaN	
2702	1,53856	2702	NaN	2702	NaN	2702	NaN	2702	NaN	
2703	1,53093	2703	NaN	2703	NaN	2703	NaN	2703	NaN	
2704	1,48287	2704	NaN	2704	NaN	2704	NaN	2704	NaN	
2705	1,52139	2705	NaN	2705	NaN	2705	NaN	2705	NaN	
2706	1,5526	2706	NaN	2706	NaN	2706	NaN	2706	NaN	
2707	1,52483	2707	NaN	2707	NaN	2707	NaN	2707	NaN	
2708	1,73251	2708	NaN	2708	NaN	2708	NaN	2708	NaN	
2709	1,74933	2709	NaN	2709	NaN	2709	NaN	2709	NaN	
2710	1,72689	2710	NaN	2710	NaN	2710	NaN	2710	NaN	
2711	1,72712	2711	NaN	2711	NaN	2711	NaN	2711	NaN	
2712	1,77384	2712	NaN	2712	NaN	2712	NaN	2712	NaN	
2713	1,67757	2713	NaN	2713	NaN	2713	NaN	2713	NaN	
2714	1,62946	2714	NaN	2714	NaN	2714	NaN	2714	NaN	
2715	1,70091	2715	NaN	2715	NaN	2715	NaN	2715	NaN	
2716	1,63045	2716	NaN	2716	NaN	2716	NaN	2716	NaN	
2717	1,62332	2717	NaN	2717	NaN	2717	NaN	2717	NaN	
2718	1,6455	2718	NaN	2718	NaN	2718	NaN	2718	NaN	
2719	1,69303	2719	NaN	2719	NaN	2719	NaN	2719	NaN	
2720	1,63163	2720	NaN	2720	NaN	2720	NaN	2720	NaN	
2721	1,62165	2721	NaN	2721	NaN	2721	NaN	2721	NaN	
2722	1,63789	2722	NaN	2722	NaN	2722	NaN	2722	NaN	
2723	1,59273	2723	NaN	2723	NaN	2723	NaN	2723	NaN	
2724	1,75327	2724	NaN	2724	NaN	2724	NaN	2724	NaN	
2725	1,75237	2725	NaN	2725	NaN	2725	NaN	2725	NaN	
2726	1,76592	2726	NaN	2726	NaN	2726	NaN	2726	NaN	
2727	1,75211	2727	NaN	2727	NaN	2727	NaN	2727	NaN	
2728	1,74804	2728	NaN	2728	NaN	2728	NaN	2728	NaN	
2729	1,77415	2729	NaN	2729	NaN	2729	NaN	2729	NaN	
2730	1,6954	2730	NaN	2730	NaN	2730	NaN	2730	NaN	
2731	1,77682	2731	NaN	2731	NaN	2731	NaN	2731	NaN	
2732	1,7751	2732	NaN	2732	NaN	2732	NaN	2732	NaN	
2733	1,7703	2733	NaN	2733	NaN	2733	NaN	2733	NaN	
2734	1,75898	2734	NaN	2734	NaN	2734	NaN	2734	NaN	
2735	1,65815	2735	NaN	2735	NaN	2735	NaN	2735	NaN	
2736	1,62379	2736	NaN	2736	NaN	2736	NaN	2736	NaN	
2737	1,58353	2737	NaN	2737	NaN	2737	NaN	2737	NaN	
2738	1,62381	2738	NaN	2738	NaN	2738	NaN	2738	NaN	
2739	1,53399	2739	NaN	2739	NaN	2739	NaN	2739	NaN	
2740	1,26407	2740	NaN	2740	NaN	2740	NaN	2740	NaN	
2741	1,26411	2741	NaN	2741	NaN	2741	NaN	2741	NaN	
2742	1,19611	2742	NaN	2742	NaN	2742	NaN	2742	NaN	
2743	1,80046	2743	NaN	2743	NaN	2743	NaN	2743	NaN	
2744	1,75242	2744	NaN	2744	NaN	2744	NaN	2744	NaN	
2745	1,74043	2745	NaN	2745	NaN	2745	NaN	2745	NaN	
2746	1,82529	2746	NaN	2746	NaN	2746	NaN	2746	NaN	
2747	1,27605	2747	NaN	2747	NaN	2747	NaN	2747	NaN	
2748	1,03332	2748	NaN	2748	NaN	2748	NaN	2748	NaN	
2749	0,980392	2749	NaN	2749	NaN	2749	NaN	2749	NaN	
2750	1,59439	2750	NaN	2750	NaN	2750	NaN	2750	NaN	
2751	1,55778	2751	NaN	2751	NaN	2751	NaN	2751	NaN	
2752	1,57719	2752	NaN	2752	NaN	2752	NaN	2752	NaN	
2753	1,58131	2753	NaN	2753	NaN	2753	NaN	2753	NaN	
2754	1,58889	2754	NaN	2754	NaN	2754	NaN	2754	NaN	
2755	1,53007	2755	NaN	2755	NaN	2755	NaN	2755	NaN	
2756	1,51563	2756	NaN	2756	NaN	2756	NaN	2756	NaN	
2757	1,5744	2757	NaN	2757	NaN	2757	NaN	2757	NaN	
2758	1,57886	2758	NaN	2758	NaN	2758	NaN	2758	NaN	
2759	1,59671	2759	NaN	2759	NaN	2759	NaN	2759	NaN	
2760	1,52403	2760	NaN	2760	NaN	2760	NaN	2760	NaN	
2761	1,62929	2761	NaN	2761	NaN	2761	NaN	2761	NaN	
2762	1,6043	2762	NaN	2762	NaN	2762	NaN	2762	NaN	
2763	1,61946	2763	NaN	2763	NaN	2763	NaN	2763	NaN	
2764	1,57386	2764	NaN	2764	NaN	2764	NaN	2764	NaN	
2765	1,59937	2765	NaN	2765	NaN	2765	NaN	2765	NaN	
2766	1,56785	2766	NaN	2766	NaN	2766	NaN	2766	NaN	
2767	1,60281	2767	NaN	2767	NaN	2767	NaN	2767	NaN	
2768	1,59577	2768	NaN	2768	NaN	2768	NaN	2768	NaN	
2769	1,54733	2769	NaN	2769	NaN	2769	NaN	2769	NaN	
2770	1,54421	2770	NaN	2770	NaN	2770	NaN	2770	NaN	
2771	1,55476	2771	NaN	2771	NaN	2771	NaN	2771	NaN	
2772	1,52477	2772	NaN	2772	NaN	2772	NaN	2772	NaN	
2773	1,57649	2773	NaN	2773	NaN	2773	NaN	2773	NaN	
2774	1,52206	2774	NaN	2774	NaN	2774	NaN	2774	NaN	
2775	1,56542	2775	NaN	2775	NaN	2775	NaN	2775	NaN	
2776	1,60425	2776	NaN	2776	NaN	2776	NaN	2776	NaN	
2777	1,50761	2777	NaN	2777	NaN	2777	NaN	2777	NaN	
2778	1,55713	2778	NaN	2778	NaN	2778	NaN	2778	NaN	
2779	1,58221	2779	NaN	2779	NaN	2779	NaN	2779	NaN	
2780	1,64394	2780	NaN	2780	NaN	2780	NaN	2780	NaN	
2781	1,6612	2781	NaN	2781	NaN	2781	NaN	2781	NaN	
2782	1,66832	2782	NaN	2782	NaN	2782	NaN	2782	NaN	
2783	1,53483	2783	NaN	2783	NaN	2783	NaN	2783	NaN	
2784	1,563	2784	NaN	2784	NaN	2784	NaN	2784	NaN	
2785	1,5879	2785	NaN	2785	NaN	2785	NaN	2785	NaN	
2786	1,614	2786	NaN	2786	NaN	2786	NaN	2786	NaN	
2787	1,61136	2787	NaN	2787	NaN	2787	NaN	2787	NaN	
2788	1,58323	2788	NaN	2788	NaN	2788	NaN	2788	NaN	
2789	1,56436	2789	NaN	2789	NaN	2789	NaN	2789	NaN	
