Data Point - T&A	 g2 (0) - T&A	Data Point - T&B	 g2 (0) - T&B	Data Point - B&C	 g2 (0) - B&C	Data Point - T&C	 g2 (0) - T&C	Data Point - B&C	 g2 (0) - B&C	
1523	0,802039	1523	1,10316	1523	1,04324	1523	NaN	1523	NaN	
1524	1,29934	1524	1,20042	1524	0,937144	1524	NaN	1524	NaN	
1525	0,81626	1525	1,04939	1525	0,943252	1525	NaN	1525	NaN	
1526	1,13336	1526	1,02703	1526	1,38995	1526	NaN	1526	NaN	
1527	1,3829	1527	1,01439	1527	0,778258	1527	NaN	1527	NaN	
1528	1,19762	1528	1,31092	1528	0,986736	1528	NaN	1528	NaN	
1529	0,851351	1529	1,23413	1529	0,858153	1529	NaN	1529	NaN	
1530	0,949429	1530	0,825731	1530	1,02552	1530	NaN	1530	NaN	
1531	0,966791	1531	0,810861	1531	1,3928	1531	NaN	1531	NaN	
1532	0,877256	1532	0,896063	1532	1,16528	1532	NaN	1532	NaN	
1533	1,04903	1533	0,881607	1533	1,08517	1533	NaN	1533	NaN	
1534	0,640768	1534	0,968609	1534	1,11903	1534	NaN	1534	NaN	
1535	1,17498	1535	0,821215	1535	1,09762	1535	NaN	1535	NaN	
1536	0,795232	1536	0,95004	1536	1,07844	1536	NaN	1536	NaN	
1537	1,36487	1537	0,930903	1537	1,25195	1537	NaN	1537	NaN	
1538	0,893444	1538	1,06096	1538	0,702732	1538	NaN	1538	NaN	
1539	0,917595	1539	1,01874	1539	0,988601	1539	NaN	1539	NaN	
1540	0,801563	1540	1,02744	1540	0,889851	1540	NaN	1540	NaN	
1541	1,18663	1541	1,01135	1541	0,774951	1541	NaN	1541	NaN	
1542	1,07509	1542	1,19706	1542	1,26969	1542	NaN	1542	NaN	
1543	1,00229	1543	0,983513	1543	0,756896	1543	NaN	1543	NaN	
1544	0,7593	1544	0,88952	1544	0,961009	1544	NaN	1544	NaN	
1545	1,2114	1545	0,985757	1545	0,974887	1545	NaN	1545	NaN	
1546	1,22114	1546	1,02933	1546	1,30792	1546	NaN	1546	NaN	
1547	1,09168	1547	1,05666	1547	0,682103	1547	NaN	1547	NaN	
1548	1,27851	1548	1,05384	1548	1,04695	1548	NaN	1548	NaN	
1549	1,00114	1549	1,00468	1549	1,21498	1549	NaN	1549	NaN	
1550	0,884937	1550	1,10538	1550	0,99008	1550	NaN	1550	NaN	
1551	0,93657	1551	1,00379	1551	0,944141	1551	NaN	1551	NaN	
1552	1,00356	1552	0,764691	1552	1,04794	1552	NaN	1552	NaN	
1553	1,22467	1553	0,971307	1553	0,820287	1553	NaN	1553	NaN	
1554	1,5658	1554	1,06671	1554	0,911603	1554	NaN	1554	NaN	
1555	0,837787	1555	1,02245	1555	1,08208	1555	NaN	1555	NaN	
1556	1,23299	1556	1,00043	1556	1,08622	1556	NaN	1556	NaN	
1557	1,15308	1557	1,26658	1557	1,34121	1557	NaN	1557	NaN	
1558	0,994644	1558	0,79285	1558	0,985008	1558	NaN	1558	NaN	
1559	1,49825	1559	1,2744	1559	0,858366	1559	NaN	1559	NaN	
1560	1,04592	1560	0,899202	1560	0,741758	1560	NaN	1560	NaN	
1561	0,923039	1561	0,863417	1561	1,19478	1561	NaN	1561	NaN	
1562	0,89594	1562	1,17744	1562	1,0639	1562	NaN	1562	NaN	
1563	1,24928	1563	1,09571	1563	1,19151	1563	NaN	1563	NaN	
1564	0,735745	1564	1,04139	1564	0,843498	1564	NaN	1564	NaN	
1565	1,27484	1565	0,933899	1565	1,17386	1565	NaN	1565	NaN	
1566	0,804352	1566	0,967877	1566	1,13809	1566	NaN	1566	NaN	
1567	1,34639	1567	1,0659	1567	0,805619	1567	NaN	1567	NaN	
1568	1,01185	1568	0,749487	1568	0,799861	1568	NaN	1568	NaN	
1569	1,05276	1569	0,935987	1569	1,07544	1569	NaN	1569	NaN	
1570	0,76751	1570	0,964717	1570	1,23453	1570	NaN	1570	NaN	
1571	0,998919	1571	1,08759	1571	1,225	1571	NaN	1571	NaN	
1572	1,22863	1572	1,00414	1572	0,876279	1572	NaN	1572	NaN	
1573	1,16888	1573	0,826	1573	0,774713	1573	NaN	1573	NaN	
1574	0,954207	1574	0,96903	1574	0,947333	1574	NaN	1574	NaN	
1575	0,567794	1575	1,15822	1575	1,07899	1575	NaN	1575	NaN	
1576	1,09615	1576	1,14905	1576	1,23931	1576	NaN	1576	NaN	
1577	0,776142	1577	1,12814	1577	1,15038	1577	NaN	1577	NaN	
1578	1,02906	1578	0,793158	1578	0,666237	1578	NaN	1578	NaN	
1579	1,01736	1579	1,06962	1579	1,08995	1579	NaN	1579	NaN	
1580	0,839585	1580	0,914925	1580	0,813107	1580	NaN	1580	NaN	
1581	0,98937	1581	0,784171	1581	1,62262	1581	NaN	1581	NaN	
1582	0,885156	1582	1,0155	1582	0,61985	1582	NaN	1582	NaN	
1583	1,23693	1583	0,936261	1583	0,876497	1583	NaN	1583	NaN	
1584	0,887065	1584	0,79194	1584	0,886975	1584	NaN	1584	NaN	
1585	1,2186	1585	1,41536	1585	1,07374	1585	NaN	1585	NaN	
1586	0,768265	1586	0,977349	1586	1,36019	1586	NaN	1586	NaN	
1587	0,847034	1587	0,991596	1587	0,858659	1587	NaN	1587	NaN	
1588	0,724806	1588	1,14787	1588	1,24424	1588	NaN	1588	NaN	
1589	1,32028	1589	0,93177	1589	0,874025	1589	NaN	1589	NaN	
1590	0,774518	1590	1,04425	1590	1,29595	1590	NaN	1590	NaN	
1591	0,732752	1591	0,951079	1591	0,740455	1591	NaN	1591	NaN	
1592	0,955973	1592	1,00715	1592	0,962973	1592	NaN	1592	NaN	
1593	0,995555	1593	0,900796	1593	0,857508	1593	NaN	1593	NaN	
1594	1,46303	1594	0,931747	1594	1,11152	1594	NaN	1594	NaN	
1595	0,966236	1595	1,04439	1595	0,883614	1595	NaN	1595	NaN	
1596	0,993661	1596	1,21913	1596	0,810673	1596	NaN	1596	NaN	
1597	0,705043	1597	0,977977	1597	0,896052	1597	NaN	1597	NaN	
1598	0,885371	1598	1,02962	1598	0,978117	1598	NaN	1598	NaN	
1599	1,07555	1599	1,0252	1599	0,844519	1599	NaN	1599	NaN	
1600	0,864563	1600	1,05228	1600	0,950772	1600	NaN	1600	NaN	
1601	1,27481	1601	0,987914	1601	0,90828	1601	NaN	1601	NaN	
1602	1,1729	1602	0,807383	1602	1,03928	1602	NaN	1602	NaN	
1603	1,01038	1603	1,14919	1603	1,08677	1603	NaN	1603	NaN	
1604	1,21083	1604	1,18346	1604	0,579962	1604	NaN	1604	NaN	
1605	0,957034	1605	1,07001	1605	0,841972	1605	NaN	1605	NaN	
1606	0,990292	1606	0,908063	1606	1,20104	1606	NaN	1606	NaN	
1607	1,02621	1607	0,962291	1607	0,8422	1607	NaN	1607	NaN	
1608	1,26785	1608	1,10348	1608	0,874694	1608	NaN	1608	NaN	
1609	1,03796	1609	1,15086	1609	1,10857	1609	NaN	1609	NaN	
1610	0,857096	1610	0,990285	1610	1,07328	1610	NaN	1610	NaN	
1611	0,942793	1611	1,39657	1611	0,883967	1611	NaN	1611	NaN	
1612	0,949025	1612	1,04341	1612	0,8209	1612	NaN	1612	NaN	
1613	0,889901	1613	1,16721	1613	1,21393	1613	NaN	1613	NaN	
1614	0,973562	1614	1,04706	1614	0,855237	1614	NaN	1614	NaN	
1615	0,997533	1615	1,23639	1615	1,15456	1615	NaN	1615	NaN	
1616	1,15566	1616	0,904641	1616	1,28805	1616	NaN	1616	NaN	
1617	1,15115	1617	0,93771	1617	1,44162	1617	NaN	1617	NaN	
1618	0,821021	1618	1,07566	1618	1,13444	1618	NaN	1618	NaN	
1619	0,879731	1619	1,09627	1619	0,902903	1619	NaN	1619	NaN	
1620	0,996881	1620	0,901587	1620	1,06576	1620	NaN	1620	NaN	
1621	0,885999	1621	0,983024	1621	0,736902	1621	NaN	1621	NaN	
1622	1,13764	1622	1,22141	1622	1,16733	1622	NaN	1622	NaN	
1623	0,770304	1623	0,889804	1623	0,739982	1623	NaN	1623	NaN	
1624	1,17751	1624	1,21588	1624	1,35732	1624	NaN	1624	NaN	
